606665965
82221477
883203271
838964757
642711933
13858731
55810541
427472188
85861139
12425229
14054525
836932085
766916476
9114915
316511989
12922133
801401167
606702102
649340730
765820586
1086913381
839221875
858641955
642382075
866853850
12181704
207903303
642410257
642525999
271216034
839019050
9339189
1064133662
765810706
976705195
977361108
976554713
1086923133
838901293
1066849931
24612833
702355161
12610284
84762188
801391281
61372574
731562819
837331231
1049880384
745143057
801371876
830949986
642434676
12859443
6926297
1087308960
839436070
83465683
749201646
17553782
6155773
426119862
508208250
1086797515
977642727
838762473
802089073
642475408
54189044
801403699
745003144
838662933
1086776503
1087160777
18079527
839412663
9102979
6704963
837912802
437926005
84792221
2230877
765810136
16269868
12363164
41906077
309873416
19275319
833324548
681429584
32932793
688531072
6747143
217195121
24336222
53676925
11729416
999699935
800530325
124086087
316525527
22828883
315438562
681576956
6341977
506450965
55740956
1087363499
460481422
884525918
1034571
905661765
23963367
62815457
1096225803
62805507
60129759
51604130
65269673
1018878
873626292
836797748
62811903
1049092007
890907291
61857179
426068643
670412749
6265517
54200245
976605604
642666126
606659198
741686854
4447808
1049082001
182058478
62820318
606735651
642365868
1083369960
1087317953
606914688
18436567
1086518363
85795240
990236098
12062123
318212074
642762619
222497088
611936557
216909634
79549914
56121315
315396460
315253297
56596662
191247674
26158108
976880071
43544186
23597709
83289597
1050836300
311091920
785198784
36140373
53615755
613217975
51982076
779097715
309875487
166307905
171503521
26158089
17224170
315492037
6348629
8534441
1011766404
830943674
15431284
936454036
838440253
890811894
37785014
8932803
49999506
470301171
220155480
44923283
51845092
43445004
838702353
1045375533
3961561
1001865588
1437559
420995016
